video_name,gt_label,gt_class,clear_label,clear_class,clear_conf,target_label,target_class,attacked_label,attacked_class,attacked_conf,benign_conf,psnr,ssim,mse,lpips,vmaf,time,iter_count,query_count
/work/data/kinetics400/k400_test/k400_test/test/0wddyCGKafY_000045_000055.mp4,high kick,152,side kick,302,0.23509818315505981,unknown,-1,side kick,302,0.24388481676578522,0.24388481676578522,39.06046334327525,0.9816631462651539,8.0729827878768,0.017912430688738823,97.34951,13.931299209594727,10,2
/work/data/kinetics400/k400_test/k400_test/test/2QchZjI9t8Y_000026_000036.mp4,drinking beer,101,drinking shots,102,0.1316734403371811,unknown,-1,drinking shots,102,0.12995699048042297,0.12995699048042297,39.272907628540715,0.995189803815947,7.6875791108030365,0.010485297068953514,98.465888,32.80282688140869,10,2
/work/data/kinetics400/k400_test/k400_test/test/-Taqg91Q2gc_000086_000096.mp4,swimming butterfly stroke,341,swimming butterfly stroke,341,0.6304206252098083,unknown,-1,swimming butterfly stroke,341,0.6201213002204895,0.6201213002204895,38.693418172235695,0.9958775668831426,8.78493482116692,0.005597565323114395,98.005525,32.9613151550293,10,2
/work/data/kinetics400/k400_test/k400_test/test/1ttoN9ctd0k_000053_000063.mp4,running on treadmill,281,running on treadmill,281,0.9018383622169495,unknown,-1,running on treadmill,281,0.9070895910263062,0.9070895910263062,39.29934326194865,0.9883029044613233,7.640926720941889,0.013753809034824371,97.849841,6.425968885421753,10,2
/work/data/kinetics400/k400_test/k400_test/test/1oLzc8GaLy8_000029_000039.mp4,blasting sand,23,archery,5,0.036796338856220245,unknown,-1,archery,5,0.035871706902980804,0.035871706902980804,39.57936030498432,0.9911531967681461,7.163814478218968,0.02035640738904476,81.905565,5.483368873596191,10,2
/work/data/kinetics400/k400_test/k400_test/test/-Ar5MuXh6VI_000004_000014.mp4,hockey stop,154,ice skating,164,0.471235066652298,unknown,-1,playing ice hockey,235,0.3317776024341583,0.26960641145706177,38.92419087550912,0.9930323329675549,8.330312109771132,0.02320067398250103,94.832791,6.39300799369812,10,2
/work/data/kinetics400/k400_test/k400_test/test/1eyGF8mfNQw_000194_000204.mp4,rock climbing,278,rock climbing,278,0.3574436902999878,unknown,-1,rock climbing,278,0.5017152428627014,0.5017152428627014,38.80867380431866,0.993960397086943,8.554861452070734,0.009513666853308678,97.695773,8.845643281936646,10,2
/work/data/kinetics400/k400_test/k400_test/test/1q78VQqIUbI_000203_000213.mp4,dancing charleston,85,salsa dancing,283,0.2701711654663086,unknown,-1,salsa dancing,283,0.269040048122406,0.269040048122406,39.002835871660146,0.9810008723290761,8.180818805352938,0.006605873350054026,98.264019,31.768233060836792,10,2
/work/data/kinetics400/k400_test/k400_test/test/0S4fymrUcyc_000007_000017.mp4,sword fighting,345,sword fighting,345,0.158890500664711,unknown,-1,sword fighting,345,0.15634603798389435,0.15634603798389435,39.72610924930632,0.9958235864142141,6.925791865233711,0.008767994120717049,98.316695,39.196779012680054,10,2
/work/data/kinetics400/k400_test/k400_test/test/-RRtSAgGApc_000016_000026.mp4,cutting nails,81,cutting nails,81,0.6965259313583374,unknown,-1,cutting nails,81,0.7157748341560364,0.7157748341560364,38.95706224069052,0.9890920675029028,8.267498728603456,0.011365847662091255,97.798888,40.871726751327515,10,2
/work/data/kinetics400/k400_test/k400_test/test/-Nj3XmZ7YBM_000107_000117.mp4,changing oil,52,changing oil,52,0.9346789717674255,unknown,-1,changing oil,52,0.9500210285186768,0.9500210285186768,39.79747836634485,0.9951255038275184,6.812907997974492,0.013347415253520012,97.17679,39.44691729545593,10,2
/work/data/kinetics400/k400_test/k400_test/test/-pBiJnwK2oc_000050_000060.mp4,cleaning toilet,64,cleaning toilet,64,0.9999752640724182,unknown,-1,cleaning toilet,64,0.9999610781669617,0.9999610781669617,39.54545302752007,0.9945878257125793,7.219964432387316,0.01496158353984356,97.26148,46.486212730407715,10,2
/work/data/kinetics400/k400_test/k400_test/test/-08En2aQklI_000233_000243.mp4,building cabinet,38,building cabinet,38,0.8143500089645386,unknown,-1,building cabinet,38,0.41841864585876465,0.41841864585876465,39.03647966893994,0.9928432999470388,8.117688721530149,0.005312846042215824,97.810073,42.56312918663025,10,2
/work/data/kinetics400/k400_test/k400_test/test/-IHwhSActzk_000030_000040.mp4,juggling fire,170,juggling fire,170,0.7714430689811707,unknown,-1,juggling fire,170,0.762754499912262,0.762754499912262,38.71645455128703,0.9845953222129321,8.738460063005984,0.010132886469364166,98.32682,39.826441526412964,10,2
/work/data/kinetics400/k400_test/k400_test/test/0nE03ePMHI8_000029_000039.mp4,playing clarinet,225,playing trombone,247,0.19357576966285706,unknown,-1,playing trombone,247,0.17117246985435486,0.17117246985435486,38.699644796561444,0.9951431750031674,8.772348592947477,0.004778373055160046,98.018955,32.872085094451904,10,2
/work/data/kinetics400/k400_test/k400_test/test/-8Appls4ZFg_000236_000246.mp4,making pizza,188,making pizza,188,0.5727723240852356,unknown,-1,making pizza,188,0.5901419520378113,0.5901419520378113,39.628586797035524,0.9931174066021201,7.083072402922839,0.010814446955919266,97.490596,18.06887173652649,10,2
/work/data/kinetics400/k400_test/k400_test/test/-0tnFi1az8k_000014_000024.mp4,bench pressing,19,bench pressing,19,0.9998323321342468,unknown,-1,bench pressing,19,0.999883234500885,0.999883234500885,39.742768485913246,0.9956629024645013,6.899275894837174,0.005525668617337942,97.688268,39.40351343154907,10,2
/work/data/kinetics400/k400_test/k400_test/test/-ek3zFzo560_000537_000547.mp4,answering questions,2,answering questions,2,0.08501281589269638,unknown,-1,arranging flowers,7,0.3360530734062195,0.05683501437306404,37.98443482994349,0.9562923954336304,10.342770257609285,0.018881607800722122,96.046798,8.99174976348877,10,2
/work/data/kinetics400/k400_test/k400_test/test/-zWLKc6CjTY_000056_000066.mp4,riding unicycle,275,riding unicycle,275,0.8059645891189575,unknown,-1,riding unicycle,275,0.8056687712669373,0.8056687712669373,39.61615187912721,0.9922851608049804,7.103382041112396,0.020838474854826927,98.618425,7.34075140953064,10,2
/work/data/kinetics400/k400_test/k400_test/test/0DqjuG09Xls_000122_000132.mp4,testifying,354,testifying,354,0.9995827078819275,unknown,-1,testifying,354,0.9999970197677612,0.9999970197677612,39.03653885415402,0.9900585286680655,8.117578095240594,0.01717435196042061,95.278395,9.13640809059143,10,2
/work/data/kinetics400/k400_test/k400_test/test/0LGDPVwWMhg_000009_000019.mp4,swing dancing,342,salsa dancing,283,0.2389669418334961,unknown,-1,salsa dancing,283,0.23549912869930267,0.23549912869930267,39.54868633622458,0.9947423312898158,7.214591192093539,0.0034527466632425785,98.188328,31.348036766052246,10,2
/work/data/kinetics400/k400_test/k400_test/test/-pyFr1WZPbM_000032_000042.mp4,cutting watermelon,83,cutting watermelon,83,0.9631668329238892,unknown,-1,cutting watermelon,83,0.9559743404388428,0.9559743404388428,39.25858277202081,0.993035259641994,7.712977841139648,0.01250649057328701,98.607985,38.57289004325867,10,2
/work/data/kinetics400/k400_test/k400_test/test/1yYHLBmC3f4_000003_000013.mp4,climbing a rope,66,climbing a rope,66,0.6356890201568604,unknown,-1,climbing a rope,66,0.7934171557426453,0.7934171557426453,38.989408430215164,0.9922759039334039,8.206151260047196,0.015137450769543648,97.536246,16.559640169143677,10,2
/work/data/kinetics400/k400_test/k400_test/test/0GesW7F0eN8_000011_000021.mp4,pushing wheelchair,263,pushing wheelchair,263,0.7389291524887085,unknown,-1,pushing wheelchair,263,0.47595053911209106,0.47595053911209106,39.092482231797625,0.9883779774656967,8.013682608575333,0.018700364977121353,97.737638,17.030186653137207,10,2
/work/data/kinetics400/k400_test/k400_test/test/-dhP2AH0eqI_000141_000151.mp4,checking tires,54,checking tires,54,0.977578341960907,unknown,-1,checking tires,54,0.969481885433197,0.969481885433197,39.04626198535405,0.9923307714186539,8.099424516876518,0.010201606899499893,98.533237,43.209876537323,10,2
/work/data/kinetics400/k400_test/k400_test/test/14Z2DC05cIg_000019_000029.mp4,playing kickball,237,catching or throwing softball,50,0.21623854339122772,unknown,-1,catching or throwing softball,50,0.23517286777496338,0.23517286777496338,39.653108816750816,0.9932471957294565,7.043191215266713,0.007936136797070503,98.31239,37.827582359313965,10,2
/work/data/kinetics400/k400_test/k400_test/test/1DzvlrKhmZI_000002_000012.mp4,shaking head,289,news anchoring,202,0.19454403221607208,unknown,-1,news anchoring,202,0.7248402237892151,0.7248402237892151,40.236639847250416,0.9895900583059822,6.157669511284926,0.022749608382582664,95.802809,5.735836505889893,10,2
/work/data/kinetics400/k400_test/k400_test/test/2UFYQtLCPZ8_000136_000146.mp4,massaging person's head,196,shaving head,292,0.3371150493621826,unknown,-1,shaving head,292,0.37105974555015564,0.37105974555015564,38.881547294795276,0.997095505619608,8.412510734290807,0.0028163031674921513,97.948447,31.490423440933228,10,2
/work/data/kinetics400/k400_test/k400_test/test/1LWUlv7twOg_000057_000067.mp4,answering questions,2,writing,396,0.941002368927002,unknown,-1,writing,396,0.9150896072387695,0.9150896072387695,38.50315469869582,0.9953044504560375,9.178355838858684,0.00874937605112791,95.932016,10.461393117904663,10,2
/work/data/kinetics400/k400_test/k400_test/test/0YhNlD9Z5pw_000016_000026.mp4,shaking head,289,using remote controller (not gaming),374,0.10538270324468613,unknown,-1,using remote controller (not gaming),374,0.19363777339458466,0.19363777339458466,39.27919265538452,0.9888904775747168,7.676461839346484,0.017849717289209366,97.198343,9.688534498214722,10,2
